./build/spacebodies 0.4 \ 0.22300000000001 0.22300000000001 0.22300000000001 -2.500000000001 -2.500000000001 -2.500000000001 0.1 \ -0.06100000000001 -0.06100000000001 -0.06100000000001 +2.500000000001 +2.500000000001 +2.500000000001 0.1

1e-04:       1.01070, 1.01070, 1.01070, POS: 2.78652e-09
1e-05:       1.01217, 1.01217, 1.01217, POS: 2.78651e-09
5e-05:       1.01152, 1.01152, 1.01152, POS: 2.78652e-09
2.5e-05:     1.01193, 1.01193, 1.01193, POS: 2.78652e-09
1.25e-05:    1.01213, 1.01213, 1.01213, POS: 2.78653e-09
6.25e-06:    1.01223, 1.01223, 1.01223, POS: 2.78652e-09
3.125e-06:   1.01228, 1.01228, 1.01228, POS: 2.78647e-09
1.5625e-06:  1.01231, 1.01231, 1.01231, POS: 2.78656e-09
7.8125e-07:  1.01232, 1.01232, 1.01232, POS: 2.78657e-09
1e-06:       1.01232, 1.01232, 1.01232, POS: 2.78658e-09
1e-07:       1.01233, 1.01233, 1.01233, POS: 2.78623e-09
1e-08:       1.01234, 1.01234, 1.01234, POS: 2.79019e-09
5e-09:       1.01234, 1.01234, 1.01234, POS: 2.74833e-09
1.25e-09:    1.01234, 1.01234, 1.01234, POS: 2.71144e-09
1e-09:       1.01234, 1.01234, 1.01234, POS: 2.88531e-09



Adaptive:    1.01073, 1.01073, 1.01073, POS: 2.78652e-09

1e-04, 2.78652e-09
1e-05, 2.78651e-09
5e-05, 2.78652e-09
2.5e-05, 2.78652e-09
1.25e-05, 2.78653e-09
6.25e-06, 2.78652e-09
3.125e-06, 2.78647e-09
1.5625e-06, 2.78656e-09
7.8125e-07, 2.78657e-09
1e-06, 2.78658e-09
1e-07, 2.78623e-09
1e-08, 2.79019e-09
1e-09, 2.88531e-09


Adaptive, 2.78652e-09